image_width: 1280
image_height: 720
camera_name: narrow_stereo
camera_matrix:
  rows: 3
  cols: 3
  data: [ 746.68037,    0.     ,  654.69173,
            0.     ,  748.2136 ,  312.87963,
            0.     ,    0.     ,    1.     ]
camera_model: plumb_bob
distortion_coefficients:
  rows: 1
  cols: 5
  data: [0.024797, -0.006781, -0.019412, 0.006160, 0.000000]
rectification_matrix:
  rows: 3
  cols: 3
  data: [ 1.,  0.,  0.,
          0.,  1.,  0.,
          0.,  0.,  1.]
projection_matrix:
  rows: 3
  cols: 4
  data: [ 768.5332 ,    0.     ,  663.89736,    0.     ,
            0.     ,  761.55096,  294.89775,    0.     ,
            0.     ,    0.     ,    1.     ,    0.     ]
